100; 1892
200; 4356
300; 7178
400; 9816
500; 12336
600; 15988
700; 18549
800; 21764
900; 24602
1000; 27323
1100; 32595
1200; 35147
1300; 38306
1400; 40806
1500; 43722
1600; 47736
1700; 50487
1800; 53911
1900; 56606
2000; 59808
2100; 68314
2200; 70954
2300; 73490
2400; 76569
2500; 79478
2600; 83419
2700; 86203
2800; 88907
2900; 92201
3000; 95227
3100; 101016
3200; 103798
3300; 106500
3400; 109817
3500; 112775
3600; 117146
3700; 119851
3800; 122996
3900; 126517
4000; 129905
4100; 144449
4200; 147524
4300; 150185
4400; 153251
4500; 156068
4600; 158827
4700; 162623
4800; 165537
4900; 168814
5000; 171852
5100; 174775
5200; 180283
5300; 182980
5400; 186380
5500; 189070
5600; 192267
5700; 196404
5800; 199362
5900; 202978
6000; 205929
6100; 209301
6200; 218003
6300; 220810
6400; 224076
6500; 226864
6600; 229964
6700; 234115
6800; 237111
6900; 240009
7000; 243525
7100; 246772
7200; 252790
7300; 255797
7400; 258649
7500; 262197
7600; 265402
7700; 269986
7800; 272945
7900; 276299
8000; 280219
8100; 283746
8200; 310708
8300; 313747
8400; 316485
8500; 319509
8600; 322306
8700; 325119
8800; 328963
8900; 331841
9000; 335090
9100; 338140
9200; 341111
9300; 346548
9400; 349292
9500; 352640
9600; 355620
9700; 358562
9800; 362685
9900; 365655
10000; 369272
